(kicad_pcb (version 20171130) (host pcbnew 5.1.5-52549c5~84~ubuntu18.04.1)

  (general
    (thickness 1.6)
    (drawings 45)
    (tracks 465)
    (zones 0)
    (modules 25)
    (nets 37)
  )

  (page A4)
  (title_block
    (title "Koeklok - Main module")
    (date 2020-01-26)
    (rev v1)
    (comment 4 "Author: Koen Koning")
  )

  (layers
    (0 F.Cu signal)
    (31 B.Cu signal)
    (32 B.Adhes user hide)
    (33 F.Adhes user hide)
    (34 B.Paste user hide)
    (35 F.Paste user hide)
    (36 B.SilkS user hide)
    (37 F.SilkS user)
    (38 B.Mask user hide)
    (39 F.Mask user hide)
    (40 Dwgs.User user hide)
    (41 Cmts.User user hide)
    (42 Eco1.User user hide)
    (43 Eco2.User user hide)
    (44 Edge.Cuts user)
    (45 Margin user hide)
    (46 B.CrtYd user)
    (47 F.CrtYd user)
    (48 B.Fab user hide)
    (49 F.Fab user)
  )

  (setup
    (last_trace_width 0.254)
    (trace_clearance 0.254)
    (zone_clearance 0.254)
    (zone_45_only no)
    (trace_min 0.1524)
    (via_size 0.8)
    (via_drill 0.4)
    (via_min_size 0.46)
    (via_min_drill 0.3)
    (uvia_size 0.3)
    (uvia_drill 0.1)
    (uvias_allowed no)
    (uvia_min_size 0.2)
    (uvia_min_drill 0.1)
    (edge_width 0.1)
    (segment_width 0.2)
    (pcb_text_width 0.3)
    (pcb_text_size 1.5 1.5)
    (mod_edge_width 0.15)
    (mod_text_size 1 1)
    (mod_text_width 0.15)
    (pad_size 1.524 1.524)
    (pad_drill 0.762)
    (pad_to_mask_clearance 0.051)
    (solder_mask_min_width 0.4)
    (aux_axis_origin 0 0)
    (visible_elements 7FFFFFFF)
    (pcbplotparams
      (layerselection 0x010fc_ffffffff)
      (usegerberextensions false)
      (usegerberattributes false)
      (usegerberadvancedattributes false)
      (creategerberjobfile false)
      (excludeedgelayer true)
      (linewidth 0.100000)
      (plotframeref false)
      (viasonmask false)
      (mode 1)
      (useauxorigin false)
      (hpglpennumber 1)
      (hpglpenspeed 20)
      (hpglpendiameter 15.000000)
      (psnegative false)
      (psa4output false)
      (plotreference true)
      (plotvalue true)
      (plotinvisibletext false)
      (padsonsilk false)
      (subtractmaskfromsilk false)
      (outputformat 1)
      (mirror false)
      (drillshape 1)
      (scaleselection 1)
      (outputdirectory ""))
  )

  (net 0 "")
  (net 1 /Vbat)
  (net 2 GND)
  (net 3 VCC)
  (net 4 UPDI)
  (net 5 HDR_DISP_2)
  (net 6 HDR_DISP_1)
  (net 7 HDR_DISP_5)
  (net 8 HDR_DISP_3)
  (net 9 HDR_DISP_6)
  (net 10 HDR_DISP_4)
  (net 11 HDR_IO_2)
  (net 12 HDR_IO_1)
  (net 13 HDR_IO_5)
  (net 14 HDR_IO_3)
  (net 15 HDR_IO_6)
  (net 16 HDR_IO_4)
  (net 17 I2C_SDA)
  (net 18 I2C_SCL)
  (net 19 RTC_INT)
  (net 20 "Net-(U2-Pad1)")
  (net 21 "Net-(U2-Pad4)")
  (net 22 /D-)
  (net 23 /D+)
  (net 24 "Net-(J1-Pad6)")
  (net 25 "Net-(J1-Pad4)")
  (net 26 MCU_UART_RXD)
  (net 27 MCU_UART_TXD)
  (net 28 "Net-(U1-Pad16)")
  (net 29 "Net-(U1-Pad15)")
  (net 30 "Net-(U1-Pad14)")
  (net 31 "Net-(U1-Pad7)")
  (net 32 "Net-(U1-Pad6)")
  (net 33 "Net-(U1-Pad2)")
  (net 34 /DM)
  (net 35 /DP)
  (net 36 +3V3)

  (net_class Default "This is the default net class."
    (clearance 0.254)
    (trace_width 0.254)
    (via_dia 0.8)
    (via_drill 0.4)
    (uvia_dia 0.3)
    (uvia_drill 0.1)
    (add_net +3V3)
    (add_net /D+)
    (add_net /D-)
    (add_net /DM)
    (add_net /DP)
    (add_net /Vbat)
    (add_net GND)
    (add_net HDR_DISP_1)
    (add_net HDR_DISP_2)
    (add_net HDR_DISP_3)
    (add_net HDR_DISP_4)
    (add_net HDR_DISP_5)
    (add_net HDR_DISP_6)
    (add_net HDR_IO_1)
    (add_net HDR_IO_2)
    (add_net HDR_IO_3)
    (add_net HDR_IO_4)
    (add_net HDR_IO_5)
    (add_net HDR_IO_6)
    (add_net I2C_SCL)
    (add_net I2C_SDA)
    (add_net MCU_UART_RXD)
    (add_net MCU_UART_TXD)
    (add_net "Net-(J1-Pad4)")
    (add_net "Net-(J1-Pad6)")
    (add_net "Net-(U1-Pad14)")
    (add_net "Net-(U1-Pad15)")
    (add_net "Net-(U1-Pad16)")
    (add_net "Net-(U1-Pad2)")
    (add_net "Net-(U1-Pad6)")
    (add_net "Net-(U1-Pad7)")
    (add_net "Net-(U2-Pad1)")
    (add_net "Net-(U2-Pad4)")
    (add_net RTC_INT)
    (add_net UPDI)
    (add_net VCC)
  )

  (module Capacitor_SMD:C_0805_2012Metric_Pad1.15x1.40mm_HandSolder (layer B.Cu) (tedit 5B36C52B) (tstamp 5E2B8DF1)
    (at 101.854 60.715 90)
    (descr "Capacitor SMD 0805 (2012 Metric), square (rectangular) end terminal, IPC_7351 nominal with elongated pad for handsoldering. (Body size source: https://docs.google.com/spreadsheets/d/1BsfQQcO9C6DZCsRaXUlFlo91Tg2WpOkGARC1WS5S8t0/edit?usp=sharing), generated with kicad-footprint-generator")
    (tags "capacitor handsolder")
    (path /5C454947)
    (attr smd)
    (fp_text reference C5 (at -2.785 0 90) (layer B.SilkS)
      (effects (font (size 1 1) (thickness 0.15)) (justify mirror))
    )
    (fp_text value 100pF (at 0 -1.65 90) (layer B.Fab)
      (effects (font (size 1 1) (thickness 0.15)) (justify mirror))
    )
    (fp_text user %R (at 0 0 90) (layer B.Fab)
      (effects (font (size 0.5 0.5) (thickness 0.08)) (justify mirror))
    )
    (fp_line (start 1.85 -0.95) (end -1.85 -0.95) (layer B.CrtYd) (width 0.05))
    (fp_line (start 1.85 0.95) (end 1.85 -0.95) (layer B.CrtYd) (width 0.05))
    (fp_line (start -1.85 0.95) (end 1.85 0.95) (layer B.CrtYd) (width 0.05))
    (fp_line (start -1.85 -0.95) (end -1.85 0.95) (layer B.CrtYd) (width 0.05))
    (fp_line (start -0.261252 -0.71) (end 0.261252 -0.71) (layer B.SilkS) (width 0.12))
    (fp_line (start -0.261252 0.71) (end 0.261252 0.71) (layer B.SilkS) (width 0.12))
    (fp_line (start 1 -0.6) (end -1 -0.6) (layer B.Fab) (width 0.1))
    (fp_line (start 1 0.6) (end 1 -0.6) (layer B.Fab) (width 0.1))
    (fp_line (start -1 0.6) (end 1 0.6) (layer B.Fab) (width 0.1))
    (fp_line (start -1 -0.6) (end -1 0.6) (layer B.Fab) (width 0.1))
    (pad 2 smd roundrect (at 1.025 0 90) (size 1.15 1.4) (layers B.Cu B.Paste B.Mask) (roundrect_rratio 0.217391)
      (net 3 VCC))
    (pad 1 smd roundrect (at -1.025 0 90) (size 1.15 1.4) (layers B.Cu B.Paste B.Mask) (roundrect_rratio 0.217391)
      (net 2 GND))
    (model ${KISYS3DMOD}/Capacitor_SMD.3dshapes/C_0805_2012Metric.wrl
      (at (xyz 0 0 0))
      (scale (xyz 1 1 1))
      (rotate (xyz 0 0 0))
    )
  )

  (module Battery:BatteryHolder_Keystone_3000_1x12mm (layer F.Cu) (tedit 58972371) (tstamp 5D216B1A)
    (at 109.982 57.15 180)
    (descr http://www.keyelco.com/product-pdf.cfm?p=777)
    (tags "Keystone type 3000 coin cell retainer")
    (path /5C54C017)
    (attr smd)
    (fp_text reference BT1 (at 0.026 -3.81) (layer F.SilkS)
      (effects (font (size 1 1) (thickness 0.15)))
    )
    (fp_text value Battery_Cell (at 0 7.5) (layer F.Fab)
      (effects (font (size 1 1) (thickness 0.15)))
    )
    (fp_text user %R (at 0 0) (layer F.Fab)
      (effects (font (size 1 1) (thickness 0.15)))
    )
    (fp_arc (start 0 0) (end 0 6.75) (angle 36.6) (layer F.CrtYd) (width 0.05))
    (fp_arc (start 0.11 9.15) (end 4.22 5.65) (angle -3.1) (layer F.CrtYd) (width 0.05))
    (fp_arc (start 0.11 9.15) (end -4.22 5.65) (angle 3.1) (layer F.CrtYd) (width 0.05))
    (fp_arc (start 0 0) (end 0 6.75) (angle -36.6) (layer F.CrtYd) (width 0.05))
    (fp_arc (start 5.25 4.1) (end 5.3 6.1) (angle -90) (layer F.CrtYd) (width 0.05))
    (fp_arc (start 5.29 4.6) (end 4.22 5.65) (angle -54.1) (layer F.CrtYd) (width 0.05))
    (fp_arc (start -5.29 4.6) (end -4.22 5.65) (angle 54.1) (layer F.CrtYd) (width 0.05))
    (fp_circle (center 0 0) (end 0 6.25) (layer Dwgs.User) (width 0.15))
    (fp_arc (start 5.29 4.6) (end 4.5 5.2) (angle -60) (layer F.SilkS) (width 0.12))
    (fp_arc (start -5.29 4.6) (end -4.5 5.2) (angle 60) (layer F.SilkS) (width 0.12))
    (fp_arc (start 0 8.9) (end -4.5 5.2) (angle 101) (layer F.SilkS) (width 0.12))
    (fp_arc (start 5.29 4.6) (end 4.6 5.1) (angle -60) (layer F.Fab) (width 0.1))
    (fp_arc (start -5.29 4.6) (end -4.6 5.1) (angle 60) (layer F.Fab) (width 0.1))
    (fp_arc (start 0 8.9) (end -4.6 5.1) (angle 101) (layer F.Fab) (width 0.1))
    (fp_arc (start -5.25 4.1) (end -5.3 6.1) (angle 90) (layer F.CrtYd) (width 0.05))
    (fp_arc (start 5.25 4.1) (end 5.3 5.6) (angle -90) (layer F.SilkS) (width 0.12))
    (fp_arc (start -5.25 4.1) (end -5.3 5.6) (angle 90) (layer F.SilkS) (width 0.12))
    (fp_line (start -7.25 2.15) (end -7.25 4.1) (layer F.CrtYd) (width 0.05))
    (fp_line (start 7.25 2.15) (end 7.25 4.1) (layer F.CrtYd) (width 0.05))
    (fp_line (start 6.75 2) (end 6.75 4.1) (layer F.SilkS) (width 0.12))
    (fp_line (start -6.75 2) (end -6.75 4.1) (layer F.SilkS) (width 0.12))
    (fp_arc (start 5.25 4.1) (end 5.3 5.45) (angle -90) (layer F.Fab) (width 0.1))
    (fp_line (start 7.25 -2.15) (end 7.25 -3.8) (layer F.CrtYd) (width 0.05))
    (fp_line (start 7.25 -3.8) (end 4.65 -6.4) (layer F.CrtYd) (width 0.05))
    (fp_line (start 4.65 -6.4) (end 4.65 -7.35) (layer F.CrtYd) (width 0.05))
    (fp_line (start -4.65 -7.35) (end 4.65 -7.35) (layer F.CrtYd) (width 0.05))
    (fp_line (start -4.65 -6.4) (end -4.65 -7.35) (layer F.CrtYd) (width 0.05))
    (fp_line (start -7.25 -3.8) (end -4.65 -6.4) (layer F.CrtYd) (width 0.05))
    (fp_line (start -7.25 -2.15) (end -7.25 -3.8) (layer F.CrtYd) (width 0.05))
    (fp_line (start -6.75 -2) (end -6.75 -3.45) (layer F.SilkS) (width 0.12))
    (fp_line (start -6.75 -3.45) (end -4.15 -6.05) (layer F.SilkS) (width 0.12))
    (fp_line (start -4.15 -6.05) (end -4.15 -6.85) (layer F.SilkS) (width 0.12))
    (fp_line (start -4.15 -6.85) (end 4.15 -6.85) (layer F.SilkS) (width 0.12))
    (fp_line (start 4.15 -6.85) (end 4.15 -6.05) (layer F.SilkS) (width 0.12))
    (fp_line (start 4.15 -6.05) (end 6.75 -3.45) (layer F.SilkS) (width 0.12))
    (fp_line (start 6.75 -3.45) (end 6.75 -2) (layer F.SilkS) (width 0.12))
    (fp_line (start -7.25 -2.15) (end -10.15 -2.15) (layer F.CrtYd) (width 0.05))
    (fp_line (start -10.15 -2.15) (end -10.15 2.15) (layer F.CrtYd) (width 0.05))
    (fp_line (start -10.15 2.15) (end -7.25 2.15) (layer F.CrtYd) (width 0.05))
    (fp_line (start 7.25 -2.15) (end 10.15 -2.15) (layer F.CrtYd) (width 0.05))
    (fp_line (start 10.15 -2.15) (end 10.15 2.15) (layer F.CrtYd) (width 0.05))
    (fp_line (start 10.15 2.15) (end 7.25 2.15) (layer F.CrtYd) (width 0.05))
    (fp_arc (start -5.25 4.1) (end -5.3 5.45) (angle 90) (layer F.Fab) (width 0.1))
    (fp_line (start 6.6 -3.4) (end 6.6 4.1) (layer F.Fab) (width 0.1))
    (fp_line (start -6.6 -3.4) (end -6.6 4.1) (layer F.Fab) (width 0.1))
    (fp_line (start 4 -6) (end 6.6 -3.4) (layer F.Fab) (width 0.1))
    (fp_line (start -4 -6) (end -6.6 -3.4) (layer F.Fab) (width 0.1))
    (fp_line (start 4 -6.7) (end 4 -6) (layer F.Fab) (width 0.1))
    (fp_line (start -4 -6.7) (end -4 -6) (layer F.Fab) (width 0.1))
    (fp_line (start -4 -6.7) (end 4 -6.7) (layer F.Fab) (width 0.1))
    (pad 1 smd rect (at -7.9 0 180) (size 3.5 3.3) (layers F.Cu F.Paste F.Mask)
      (net 1 /Vbat))
    (pad 1 smd rect (at 7.9 0 180) (size 3.5 3.3) (layers F.Cu F.Paste F.Mask)
      (net 1 /Vbat))
    (pad 2 smd rect (at 0 0 180) (size 4 4) (layers F.Cu F.Mask)
      (net 2 GND))
    (model ${KISYS3DMOD}/Battery.3dshapes/BatteryHolder_Keystone_3000_1x12mm.wrl
      (at (xyz 0 0 0))
      (scale (xyz 1 1 1))
      (rotate (xyz 0 0 0))
    )
  )

  (module Capacitor_SMD:C_0805_2012Metric_Pad1.15x1.40mm_HandSolder (layer B.Cu) (tedit 5B36C52B) (tstamp 5E2DBBA3)
    (at 101.854 81.153 90)
    (descr "Capacitor SMD 0805 (2012 Metric), square (rectangular) end terminal, IPC_7351 nominal with elongated pad for handsoldering. (Body size source: https://docs.google.com/spreadsheets/d/1BsfQQcO9C6DZCsRaXUlFlo91Tg2WpOkGARC1WS5S8t0/edit?usp=sharing), generated with kicad-footprint-generator")
    (tags "capacitor handsolder")
    (path /5D10AE76)
    (attr smd)
    (fp_text reference C6 (at 0 1.65 90) (layer B.SilkS)
      (effects (font (size 1 1) (thickness 0.15)) (justify mirror))
    )
    (fp_text value 100uF (at 0 -1.65 90) (layer B.Fab)
      (effects (font (size 1 1) (thickness 0.15)) (justify mirror))
    )
    (fp_text user %R (at 0 0 90) (layer B.Fab)
      (effects (font (size 0.5 0.5) (thickness 0.08)) (justify mirror))
    )
    (fp_line (start 1.85 -0.95) (end -1.85 -0.95) (layer B.CrtYd) (width 0.05))
    (fp_line (start 1.85 0.95) (end 1.85 -0.95) (layer B.CrtYd) (width 0.05))
    (fp_line (start -1.85 0.95) (end 1.85 0.95) (layer B.CrtYd) (width 0.05))
    (fp_line (start -1.85 -0.95) (end -1.85 0.95) (layer B.CrtYd) (width 0.05))
    (fp_line (start -0.261252 -0.71) (end 0.261252 -0.71) (layer B.SilkS) (width 0.12))
    (fp_line (start -0.261252 0.71) (end 0.261252 0.71) (layer B.SilkS) (width 0.12))
    (fp_line (start 1 -0.6) (end -1 -0.6) (layer B.Fab) (width 0.1))
    (fp_line (start 1 0.6) (end 1 -0.6) (layer B.Fab) (width 0.1))
    (fp_line (start -1 0.6) (end 1 0.6) (layer B.Fab) (width 0.1))
    (fp_line (start -1 -0.6) (end -1 0.6) (layer B.Fab) (width 0.1))
    (pad 2 smd roundrect (at 1.025 0 90) (size 1.15 1.4) (layers B.Cu B.Paste B.Mask) (roundrect_rratio 0.217391)
      (net 2 GND))
    (pad 1 smd roundrect (at -1.025 0 90) (size 1.15 1.4) (layers B.Cu B.Paste B.Mask) (roundrect_rratio 0.217391)
      (net 3 VCC))
    (model ${KISYS3DMOD}/Capacitor_SMD.3dshapes/C_0805_2012Metric.wrl
      (at (xyz 0 0 0))
      (scale (xyz 1 1 1))
      (rotate (xyz 0 0 0))
    )
  )

  (module Capacitor_SMD:C_0805_2012Metric_Pad1.15x1.40mm_HandSolder (layer F.Cu) (tedit 5B36C52B) (tstamp 5E2D08E4)
    (at 102.879 88.9 180)
    (descr "Capacitor SMD 0805 (2012 Metric), square (rectangular) end terminal, IPC_7351 nominal with elongated pad for handsoldering. (Body size source: https://docs.google.com/spreadsheets/d/1BsfQQcO9C6DZCsRaXUlFlo91Tg2WpOkGARC1WS5S8t0/edit?usp=sharing), generated with kicad-footprint-generator")
    (tags "capacitor handsolder")
    (path /5E323951)
    (attr smd)
    (fp_text reference C4 (at 0 1.524) (layer F.SilkS)
      (effects (font (size 1 1) (thickness 0.15)))
    )
    (fp_text value 100nF (at 0 1.65) (layer F.Fab)
      (effects (font (size 1 1) (thickness 0.15)))
    )
    (fp_text user %R (at 0 0) (layer F.Fab)
      (effects (font (size 0.5 0.5) (thickness 0.08)))
    )
    (fp_line (start 1.85 0.95) (end -1.85 0.95) (layer F.CrtYd) (width 0.05))
    (fp_line (start 1.85 -0.95) (end 1.85 0.95) (layer F.CrtYd) (width 0.05))
    (fp_line (start -1.85 -0.95) (end 1.85 -0.95) (layer F.CrtYd) (width 0.05))
    (fp_line (start -1.85 0.95) (end -1.85 -0.95) (layer F.CrtYd) (width 0.05))
    (fp_line (start -0.261252 0.71) (end 0.261252 0.71) (layer F.SilkS) (width 0.12))
    (fp_line (start -0.261252 -0.71) (end 0.261252 -0.71) (layer F.SilkS) (width 0.12))
    (fp_line (start 1 0.6) (end -1 0.6) (layer F.Fab) (width 0.1))
    (fp_line (start 1 -0.6) (end 1 0.6) (layer F.Fab) (width 0.1))
    (fp_line (start -1 -0.6) (end 1 -0.6) (layer F.Fab) (width 0.1))
    (fp_line (start -1 0.6) (end -1 -0.6) (layer F.Fab) (width 0.1))
    (pad 2 smd roundrect (at 1.025 0 180) (size 1.15 1.4) (layers F.Cu F.Paste F.Mask) (roundrect_rratio 0.217391)
      (net 2 GND))
    (pad 1 smd roundrect (at -1.025 0 180) (size 1.15 1.4) (layers F.Cu F.Paste F.Mask) (roundrect_rratio 0.217391)
      (net 36 +3V3))
    (model ${KISYS3DMOD}/Capacitor_SMD.3dshapes/C_0805_2012Metric.wrl
      (at (xyz 0 0 0))
      (scale (xyz 1 1 1))
      (rotate (xyz 0 0 0))
    )
  )

  (module Capacitor_SMD:C_0805_2012Metric_Pad1.15x1.40mm_HandSolder (layer F.Cu) (tedit 5B36C52B) (tstamp 5E2CEE4E)
    (at 102.879 90.932 180)
    (descr "Capacitor SMD 0805 (2012 Metric), square (rectangular) end terminal, IPC_7351 nominal with elongated pad for handsoldering. (Body size source: https://docs.google.com/spreadsheets/d/1BsfQQcO9C6DZCsRaXUlFlo91Tg2WpOkGARC1WS5S8t0/edit?usp=sharing), generated with kicad-footprint-generator")
    (tags "capacitor handsolder")
    (path /5E324790)
    (attr smd)
    (fp_text reference C1 (at 0 -1.65) (layer F.SilkS)
      (effects (font (size 1 1) (thickness 0.15)))
    )
    (fp_text value 10nF (at 0 1.65) (layer F.Fab)
      (effects (font (size 1 1) (thickness 0.15)))
    )
    (fp_text user %R (at 0 0) (layer F.Fab)
      (effects (font (size 0.5 0.5) (thickness 0.08)))
    )
    (fp_line (start 1.85 0.95) (end -1.85 0.95) (layer F.CrtYd) (width 0.05))
    (fp_line (start 1.85 -0.95) (end 1.85 0.95) (layer F.CrtYd) (width 0.05))
    (fp_line (start -1.85 -0.95) (end 1.85 -0.95) (layer F.CrtYd) (width 0.05))
    (fp_line (start -1.85 0.95) (end -1.85 -0.95) (layer F.CrtYd) (width 0.05))
    (fp_line (start -0.261252 0.71) (end 0.261252 0.71) (layer F.SilkS) (width 0.12))
    (fp_line (start -0.261252 -0.71) (end 0.261252 -0.71) (layer F.SilkS) (width 0.12))
    (fp_line (start 1 0.6) (end -1 0.6) (layer F.Fab) (width 0.1))
    (fp_line (start 1 -0.6) (end 1 0.6) (layer F.Fab) (width 0.1))
    (fp_line (start -1 -0.6) (end 1 -0.6) (layer F.Fab) (width 0.1))
    (fp_line (start -1 0.6) (end -1 -0.6) (layer F.Fab) (width 0.1))
    (pad 2 smd roundrect (at 1.025 0 180) (size 1.15 1.4) (layers F.Cu F.Paste F.Mask) (roundrect_rratio 0.217391)
      (net 2 GND))
    (pad 1 smd roundrect (at -1.025 0 180) (size 1.15 1.4) (layers F.Cu F.Paste F.Mask) (roundrect_rratio 0.217391)
      (net 3 VCC))
    (model ${KISYS3DMOD}/Capacitor_SMD.3dshapes/C_0805_2012Metric.wrl
      (at (xyz 0 0 0))
      (scale (xyz 1 1 1))
      (rotate (xyz 0 0 0))
    )
  )

  (module Capacitor_SMD:C_0805_2012Metric_Pad1.15x1.40mm_HandSolder (layer F.Cu) (tedit 5B36C52B) (tstamp 5E2D07C7)
    (at 102.607 95.504 180)
    (descr "Capacitor SMD 0805 (2012 Metric), square (rectangular) end terminal, IPC_7351 nominal with elongated pad for handsoldering. (Body size source: https://docs.google.com/spreadsheets/d/1BsfQQcO9C6DZCsRaXUlFlo91Tg2WpOkGARC1WS5S8t0/edit?usp=sharing), generated with kicad-footprint-generator")
    (tags "capacitor handsolder")
    (path /5E32412E)
    (attr smd)
    (fp_text reference C3 (at 0.245 1.524) (layer F.SilkS)
      (effects (font (size 1 1) (thickness 0.15)))
    )
    (fp_text value 47pF (at 0 1.65) (layer F.Fab)
      (effects (font (size 1 1) (thickness 0.15)))
    )
    (fp_text user %R (at 0 0) (layer F.Fab)
      (effects (font (size 0.5 0.5) (thickness 0.08)))
    )
    (fp_line (start 1.85 0.95) (end -1.85 0.95) (layer F.CrtYd) (width 0.05))
    (fp_line (start 1.85 -0.95) (end 1.85 0.95) (layer F.CrtYd) (width 0.05))
    (fp_line (start -1.85 -0.95) (end 1.85 -0.95) (layer F.CrtYd) (width 0.05))
    (fp_line (start -1.85 0.95) (end -1.85 -0.95) (layer F.CrtYd) (width 0.05))
    (fp_line (start -0.261252 0.71) (end 0.261252 0.71) (layer F.SilkS) (width 0.12))
    (fp_line (start -0.261252 -0.71) (end 0.261252 -0.71) (layer F.SilkS) (width 0.12))
    (fp_line (start 1 0.6) (end -1 0.6) (layer F.Fab) (width 0.1))
    (fp_line (start 1 -0.6) (end 1 0.6) (layer F.Fab) (width 0.1))
    (fp_line (start -1 -0.6) (end 1 -0.6) (layer F.Fab) (width 0.1))
    (fp_line (start -1 0.6) (end -1 -0.6) (layer F.Fab) (width 0.1))
    (pad 2 smd roundrect (at 1.025 0 180) (size 1.15 1.4) (layers F.Cu F.Paste F.Mask) (roundrect_rratio 0.217391)
      (net 2 GND))
    (pad 1 smd roundrect (at -1.025 0 180) (size 1.15 1.4) (layers F.Cu F.Paste F.Mask) (roundrect_rratio 0.217391)
      (net 22 /D-))
    (model ${KISYS3DMOD}/Capacitor_SMD.3dshapes/C_0805_2012Metric.wrl
      (at (xyz 0 0 0))
      (scale (xyz 1 1 1))
      (rotate (xyz 0 0 0))
    )
  )

  (module Capacitor_SMD:C_0805_2012Metric_Pad1.15x1.40mm_HandSolder (layer F.Cu) (tedit 5B36C52B) (tstamp 5E2CDF15)
    (at 106.435 95.504 180)
    (descr "Capacitor SMD 0805 (2012 Metric), square (rectangular) end terminal, IPC_7351 nominal with elongated pad for handsoldering. (Body size source: https://docs.google.com/spreadsheets/d/1BsfQQcO9C6DZCsRaXUlFlo91Tg2WpOkGARC1WS5S8t0/edit?usp=sharing), generated with kicad-footprint-generator")
    (tags "capacitor handsolder")
    (path /5E323F2A)
    (attr smd)
    (fp_text reference C2 (at 0.009 1.524) (layer F.SilkS)
      (effects (font (size 1 1) (thickness 0.15)))
    )
    (fp_text value 47pF (at 0 1.65) (layer F.Fab)
      (effects (font (size 1 1) (thickness 0.15)))
    )
    (fp_text user %R (at 0 0) (layer F.Fab)
      (effects (font (size 0.5 0.5) (thickness 0.08)))
    )
    (fp_line (start 1.85 0.95) (end -1.85 0.95) (layer F.CrtYd) (width 0.05))
    (fp_line (start 1.85 -0.95) (end 1.85 0.95) (layer F.CrtYd) (width 0.05))
    (fp_line (start -1.85 -0.95) (end 1.85 -0.95) (layer F.CrtYd) (width 0.05))
    (fp_line (start -1.85 0.95) (end -1.85 -0.95) (layer F.CrtYd) (width 0.05))
    (fp_line (start -0.261252 0.71) (end 0.261252 0.71) (layer F.SilkS) (width 0.12))
    (fp_line (start -0.261252 -0.71) (end 0.261252 -0.71) (layer F.SilkS) (width 0.12))
    (fp_line (start 1 0.6) (end -1 0.6) (layer F.Fab) (width 0.1))
    (fp_line (start 1 -0.6) (end 1 0.6) (layer F.Fab) (width 0.1))
    (fp_line (start -1 -0.6) (end 1 -0.6) (layer F.Fab) (width 0.1))
    (fp_line (start -1 0.6) (end -1 -0.6) (layer F.Fab) (width 0.1))
    (pad 2 smd roundrect (at 1.025 0 180) (size 1.15 1.4) (layers F.Cu F.Paste F.Mask) (roundrect_rratio 0.217391)
      (net 2 GND))
    (pad 1 smd roundrect (at -1.025 0 180) (size 1.15 1.4) (layers F.Cu F.Paste F.Mask) (roundrect_rratio 0.217391)
      (net 23 /D+))
    (model ${KISYS3DMOD}/Capacitor_SMD.3dshapes/C_0805_2012Metric.wrl
      (at (xyz 0 0 0))
      (scale (xyz 1 1 1))
      (rotate (xyz 0 0 0))
    )
  )

  (module Connector_Harwin:Harwin_M20-89005xx_1x05_P2.54mm_Horizontal (layer F.Cu) (tedit 5E2B4F7B) (tstamp 5E2DD7E9)
    (at 106.68 78.74 180)
    (descr "Harwin Male Horizontal Surface Mount Single Row 2.54mm (0.1 inch) Pitch PCB Connector, M20-89005xx, 5 Pins per row (https://cdn.harwin.com/pdfs/M20-890.pdf), generated with kicad-footprint-generator")
    (tags "connector Harwin M20-890 horizontal")
    (path /5D7D2A7B)
    (attr smd)
    (fp_text reference J2 (at 0.762 0 180) (layer F.SilkS) hide
      (effects (font (size 1 1) (thickness 0.15)))
    )
    (fp_text value "Debug pins" (at -0.48 7.55 180) (layer F.Fab)
      (effects (font (size 1 1) (thickness 0.15)))
    )
    (fp_text user %R (at -0.48 0 270) (layer F.Fab)
      (effects (font (size 1 1) (thickness 0.15)))
    )
    (fp_line (start -7.28 6.85) (end -7.28 -6.85) (layer F.CrtYd) (width 0.05))
    (fp_line (start 7.28 6.85) (end -7.28 6.85) (layer F.CrtYd) (width 0.05))
    (fp_line (start 7.28 -6.85) (end 7.28 6.85) (layer F.CrtYd) (width 0.05))
    (fp_line (start -7.28 -6.85) (end 7.28 -6.85) (layer F.CrtYd) (width 0.05))
    (fp_line (start -1.725 6.35) (end -1.725 -5.95) (layer F.Fab) (width 0.1))
    (fp_line (start 0.775 6.35) (end -1.725 6.35) (layer F.Fab) (width 0.1))
    (fp_line (start 0.775 -6.35) (end 0.775 6.35) (layer F.Fab) (width 0.1))
    (fp_line (start -1.325 -6.35) (end 0.775 -6.35) (layer F.Fab) (width 0.1))
    (fp_line (start -1.725 -5.95) (end -1.325 -6.35) (layer F.Fab) (width 0.1))
    (fp_line (start 6.775 5.4) (end 0.775 5.4) (layer F.Fab) (width 0.1))
    (fp_line (start 6.775 4.76) (end 6.775 5.4) (layer F.Fab) (width 0.1))
    (fp_line (start 0.775 4.76) (end 6.775 4.76) (layer F.Fab) (width 0.1))
    (fp_line (start -6.425 5.4) (end -1.725 5.4) (layer F.Fab) (width 0.1))
    (fp_line (start -6.425 4.76) (end -6.425 5.4) (layer F.Fab) (width 0.1))
    (fp_line (start -1.725 4.76) (end -6.425 4.76) (layer F.Fab) (width 0.1))
    (fp_line (start 6.775 2.86) (end 0.775 2.86) (layer F.Fab) (width 0.1))
    (fp_line (start 6.775 2.22) (end 6.775 2.86) (layer F.Fab) (width 0.1))
    (fp_line (start 0.775 2.22) (end 6.775 2.22) (layer F.Fab) (width 0.1))
    (fp_line (start -6.425 2.86) (end -1.725 2.86) (layer F.Fab) (width 0.1))
    (fp_line (start -6.425 2.22) (end -6.425 2.86) (layer F.Fab) (width 0.1))
    (fp_line (start -1.725 2.22) (end -6.425 2.22) (layer F.Fab) (width 0.1))
    (fp_line (start 6.775 0.32) (end 0.775 0.32) (layer F.Fab) (width 0.1))
    (fp_line (start 6.775 -0.32) (end 6.775 0.32) (layer F.Fab) (width 0.1))
    (fp_line (start 0.775 -0.32) (end 6.775 -0.32) (layer F.Fab) (width 0.1))
    (fp_line (start -6.425 0.32) (end -1.725 0.32) (layer F.Fab) (width 0.1))
    (fp_line (start -6.425 -0.32) (end -6.425 0.32) (layer F.Fab) (width 0.1))
    (fp_line (start -1.725 -0.32) (end -6.425 -0.32) (layer F.Fab) (width 0.1))
    (fp_line (start 6.775 -2.22) (end 0.775 -2.22) (layer F.Fab) (width 0.1))
    (fp_line (start 6.775 -2.86) (end 6.775 -2.22) (layer F.Fab) (width 0.1))
    (fp_line (start 0.775 -2.86) (end 6.775 -2.86) (layer F.Fab) (width 0.1))
    (fp_line (start -6.425 -2.22) (end -1.725 -2.22) (layer F.Fab) (width 0.1))
    (fp_line (start -6.425 -2.86) (end -6.425 -2.22) (layer F.Fab) (width 0.1))
    (fp_line (start -1.725 -2.86) (end -6.425 -2.86) (layer F.Fab) (width 0.1))
    (fp_line (start 6.775 -4.76) (end 0.775 -4.76) (layer F.Fab) (width 0.1))
    (fp_line (start 6.775 -5.4) (end 6.775 -4.76) (layer F.Fab) (width 0.1))
    (fp_line (start 0.775 -5.4) (end 6.775 -5.4) (layer F.Fab) (width 0.1))
    (fp_line (start -6.425 -4.76) (end -1.725 -4.76) (layer F.Fab) (width 0.1))
    (fp_line (start -6.425 -5.4) (end -6.425 -4.76) (layer F.Fab) (width 0.1))
    (fp_line (start -1.725 -5.4) (end -6.425 -5.4) (layer F.Fab) (width 0.1))
    (pad 5 smd rect (at -5.525 5.08 180) (size 2.5 1) (layers F.Cu F.Paste F.Mask)
      (net 2 GND))
    (pad 4 smd rect (at -5.525 2.54 180) (size 2.5 1) (layers F.Cu F.Paste F.Mask)
      (net 3 VCC))
    (pad 3 smd rect (at -5.525 0 180) (size 2.5 1) (layers F.Cu F.Paste F.Mask)
      (net 26 MCU_UART_RXD))
    (pad 2 smd rect (at -5.525 -2.54 180) (size 2.5 1) (layers F.Cu F.Paste F.Mask)
      (net 27 MCU_UART_TXD))
    (pad 1 smd rect (at -5.525 -5.08 180) (size 2.5 1) (layers F.Cu F.Paste F.Mask)
      (net 4 UPDI))
    (model ${KISYS3DMOD}/Connector_Harwin.3dshapes/Harwin_M20-89005xx_1x05_P2.54mm_Horizontal.wrl
      (at (xyz 0 0 0))
      (scale (xyz 1 1 1))
      (rotate (xyz 0 0 0))
    )
  )

  (module Resistor_SMD:R_0603_1608Metric_Pad1.05x0.95mm_HandSolder (layer F.Cu) (tedit 5B301BBD) (tstamp 5E2BC36E)
    (at 106.539 97.79)
    (descr "Resistor SMD 0603 (1608 Metric), square (rectangular) end terminal, IPC_7351 nominal with elongated pad for handsoldering. (Body size source: http://www.tortai-tech.com/upload/download/2011102023233369053.pdf), generated with kicad-footprint-generator")
    (tags "resistor handsolder")
    (path /5D210D74)
    (attr smd)
    (fp_text reference R2 (at 0 1.524) (layer F.SilkS)
      (effects (font (size 1 1) (thickness 0.15)))
    )
    (fp_text value 27 (at 0 1.43) (layer F.Fab)
      (effects (font (size 1 1) (thickness 0.15)))
    )
    (fp_text user %R (at 0 0) (layer F.Fab)
      (effects (font (size 0.4 0.4) (thickness 0.06)))
    )
    (fp_line (start 1.65 0.73) (end -1.65 0.73) (layer F.CrtYd) (width 0.05))
    (fp_line (start 1.65 -0.73) (end 1.65 0.73) (layer F.CrtYd) (width 0.05))
    (fp_line (start -1.65 -0.73) (end 1.65 -0.73) (layer F.CrtYd) (width 0.05))
    (fp_line (start -1.65 0.73) (end -1.65 -0.73) (layer F.CrtYd) (width 0.05))
    (fp_line (start -0.171267 0.51) (end 0.171267 0.51) (layer F.SilkS) (width 0.12))
    (fp_line (start -0.171267 -0.51) (end 0.171267 -0.51) (layer F.SilkS) (width 0.12))
    (fp_line (start 0.8 0.4) (end -0.8 0.4) (layer F.Fab) (width 0.1))
    (fp_line (start 0.8 -0.4) (end 0.8 0.4) (layer F.Fab) (width 0.1))
    (fp_line (start -0.8 -0.4) (end 0.8 -0.4) (layer F.Fab) (width 0.1))
    (fp_line (start -0.8 0.4) (end -0.8 -0.4) (layer F.Fab) (width 0.1))
    (pad 2 smd roundrect (at 0.875 0) (size 1.05 0.95) (layers F.Cu F.Paste F.Mask) (roundrect_rratio 0.25)
      (net 23 /D+))
    (pad 1 smd roundrect (at -0.875 0) (size 1.05 0.95) (layers F.Cu F.Paste F.Mask) (roundrect_rratio 0.25)
      (net 35 /DP))
    (model ${KISYS3DMOD}/Resistor_SMD.3dshapes/R_0603_1608Metric.wrl
      (at (xyz 0 0 0))
      (scale (xyz 1 1 1))
      (rotate (xyz 0 0 0))
    )
  )

  (module Jumper:SolderJumper-3_P1.3mm_Open_RoundedPad1.0x1.5mm (layer F.Cu) (tedit 5B391EB7) (tstamp 5E2C1450)
    (at 103.602 69.596)
    (descr "SMD Solder 3-pad Jumper, 1x1.5mm rounded Pads, 0.3mm gap, open")
    (tags "solder jumper open")
    (path /5E6B07B0)
    (attr virtual)
    (fp_text reference JP6 (at -0.224 2.032) (layer F.SilkS) hide
      (effects (font (size 1 1) (thickness 0.15)))
    )
    (fp_text value SolderJumper_3_Open (at 0 1.9) (layer F.Fab)
      (effects (font (size 1 1) (thickness 0.15)))
    )
    (fp_arc (start -1.35 -0.3) (end -1.35 -1) (angle -90) (layer F.SilkS) (width 0.12))
    (fp_arc (start -1.35 0.3) (end -2.05 0.3) (angle -90) (layer F.SilkS) (width 0.12))
    (fp_arc (start 1.35 0.3) (end 1.35 1) (angle -90) (layer F.SilkS) (width 0.12))
    (fp_arc (start 1.35 -0.3) (end 2.05 -0.3) (angle -90) (layer F.SilkS) (width 0.12))
    (fp_line (start 2.3 1.25) (end -2.3 1.25) (layer F.CrtYd) (width 0.05))
    (fp_line (start 2.3 1.25) (end 2.3 -1.25) (layer F.CrtYd) (width 0.05))
    (fp_line (start -2.3 -1.25) (end -2.3 1.25) (layer F.CrtYd) (width 0.05))
    (fp_line (start -2.3 -1.25) (end 2.3 -1.25) (layer F.CrtYd) (width 0.05))
    (fp_line (start -1.4 -1) (end 1.4 -1) (layer F.SilkS) (width 0.12))
    (fp_line (start 2.05 -0.3) (end 2.05 0.3) (layer F.SilkS) (width 0.12))
    (fp_line (start 1.4 1) (end -1.4 1) (layer F.SilkS) (width 0.12))
    (fp_line (start -2.05 0.3) (end -2.05 -0.3) (layer F.SilkS) (width 0.12))
    (fp_line (start -1.2 1.2) (end -1.5 1.5) (layer F.SilkS) (width 0.12))
    (fp_line (start -1.5 1.5) (end -0.9 1.5) (layer F.SilkS) (width 0.12))
    (fp_line (start -1.2 1.2) (end -0.9 1.5) (layer F.SilkS) (width 0.12))
    (pad 2 smd rect (at 0 0) (size 1 1.5) (layers F.Cu F.Mask)
      (net 18 I2C_SCL))
    (pad 3 smd custom (at 1.3 0) (size 1 0.5) (layers F.Cu F.Mask)
      (net 9 HDR_DISP_6) (zone_connect 2)
      (options (clearance outline) (anchor rect))
      (primitives
        (gr_circle (center 0 0.25) (end 0.5 0.25) (width 0))
        (gr_circle (center 0 -0.25) (end 0.5 -0.25) (width 0))
        (gr_poly (pts
           (xy -0.55 -0.75) (xy 0 -0.75) (xy 0 0.75) (xy -0.55 0.75)) (width 0))
      ))
    (pad 1 smd custom (at -1.3 0) (size 1 0.5) (layers F.Cu F.Mask)
      (net 15 HDR_IO_6) (zone_connect 2)
      (options (clearance outline) (anchor rect))
      (primitives
        (gr_circle (center 0 0.25) (end 0.5 0.25) (width 0))
        (gr_circle (center 0 -0.25) (end 0.5 -0.25) (width 0))
        (gr_poly (pts
           (xy 0.55 -0.75) (xy 0 -0.75) (xy 0 0.75) (xy 0.55 0.75)) (width 0))
      ))
  )

  (module Jumper:SolderJumper-3_P1.3mm_Open_RoundedPad1.0x1.5mm (layer F.Cu) (tedit 5B391EB7) (tstamp 5E2C143A)
    (at 103.602 66.802)
    (descr "SMD Solder 3-pad Jumper, 1x1.5mm rounded Pads, 0.3mm gap, open")
    (tags "solder jumper open")
    (path /5E684CE4)
    (attr virtual)
    (fp_text reference JP5 (at 0 -1.8) (layer F.SilkS) hide
      (effects (font (size 1 1) (thickness 0.15)))
    )
    (fp_text value SolderJumper_3_Open (at 0 1.9) (layer F.Fab)
      (effects (font (size 1 1) (thickness 0.15)))
    )
    (fp_arc (start -1.35 -0.3) (end -1.35 -1) (angle -90) (layer F.SilkS) (width 0.12))
    (fp_arc (start -1.35 0.3) (end -2.05 0.3) (angle -90) (layer F.SilkS) (width 0.12))
    (fp_arc (start 1.35 0.3) (end 1.35 1) (angle -90) (layer F.SilkS) (width 0.12))
    (fp_arc (start 1.35 -0.3) (end 2.05 -0.3) (angle -90) (layer F.SilkS) (width 0.12))
    (fp_line (start 2.3 1.25) (end -2.3 1.25) (layer F.CrtYd) (width 0.05))
    (fp_line (start 2.3 1.25) (end 2.3 -1.25) (layer F.CrtYd) (width 0.05))
    (fp_line (start -2.3 -1.25) (end -2.3 1.25) (layer F.CrtYd) (width 0.05))
    (fp_line (start -2.3 -1.25) (end 2.3 -1.25) (layer F.CrtYd) (width 0.05))
    (fp_line (start -1.4 -1) (end 1.4 -1) (layer F.SilkS) (width 0.12))
    (fp_line (start 2.05 -0.3) (end 2.05 0.3) (layer F.SilkS) (width 0.12))
    (fp_line (start 1.4 1) (end -1.4 1) (layer F.SilkS) (width 0.12))
    (fp_line (start -2.05 0.3) (end -2.05 -0.3) (layer F.SilkS) (width 0.12))
    (fp_line (start -1.2 1.2) (end -1.5 1.5) (layer F.SilkS) (width 0.12))
    (fp_line (start -1.5 1.5) (end -0.9 1.5) (layer F.SilkS) (width 0.12))
    (fp_line (start -1.2 1.2) (end -0.9 1.5) (layer F.SilkS) (width 0.12))
    (pad 2 smd rect (at 0 0) (size 1 1.5) (layers F.Cu F.Mask)
      (net 17 I2C_SDA))
    (pad 3 smd custom (at 1.3 0) (size 1 0.5) (layers F.Cu F.Mask)
      (net 7 HDR_DISP_5) (zone_connect 2)
      (options (clearance outline) (anchor rect))
      (primitives
        (gr_circle (center 0 0.25) (end 0.5 0.25) (width 0))
        (gr_circle (center 0 -0.25) (end 0.5 -0.25) (width 0))
        (gr_poly (pts
           (xy -0.55 -0.75) (xy 0 -0.75) (xy 0 0.75) (xy -0.55 0.75)) (width 0))
      ))
    (pad 1 smd custom (at -1.3 0) (size 1 0.5) (layers F.Cu F.Mask)
      (net 13 HDR_IO_5) (zone_connect 2)
      (options (clearance outline) (anchor rect))
      (primitives
        (gr_circle (center 0 0.25) (end 0.5 0.25) (width 0))
        (gr_circle (center 0 -0.25) (end 0.5 -0.25) (width 0))
        (gr_poly (pts
           (xy 0.55 -0.75) (xy 0 -0.75) (xy 0 0.75) (xy 0.55 0.75)) (width 0))
      ))
  )

  (module Resistor_SMD:R_0603_1608Metric_Pad1.05x0.95mm_HandSolder (layer B.Cu) (tedit 5B301BBD) (tstamp 5E2BE0F1)
    (at 117.602 65.786 180)
    (descr "Resistor SMD 0603 (1608 Metric), square (rectangular) end terminal, IPC_7351 nominal with elongated pad for handsoldering. (Body size source: http://www.tortai-tech.com/upload/download/2011102023233369053.pdf), generated with kicad-footprint-generator")
    (tags "resistor handsolder")
    (path /5C44C72B)
    (attr smd)
    (fp_text reference R3 (at 0 1.43) (layer B.SilkS)
      (effects (font (size 1 1) (thickness 0.15)) (justify mirror))
    )
    (fp_text value 4k7 (at 0 -1.43) (layer B.Fab)
      (effects (font (size 1 1) (thickness 0.15)) (justify mirror))
    )
    (fp_text user %R (at 0 0) (layer B.Fab)
      (effects (font (size 0.4 0.4) (thickness 0.06)) (justify mirror))
    )
    (fp_line (start 1.65 -0.73) (end -1.65 -0.73) (layer B.CrtYd) (width 0.05))
    (fp_line (start 1.65 0.73) (end 1.65 -0.73) (layer B.CrtYd) (width 0.05))
    (fp_line (start -1.65 0.73) (end 1.65 0.73) (layer B.CrtYd) (width 0.05))
    (fp_line (start -1.65 -0.73) (end -1.65 0.73) (layer B.CrtYd) (width 0.05))
    (fp_line (start -0.171267 -0.51) (end 0.171267 -0.51) (layer B.SilkS) (width 0.12))
    (fp_line (start -0.171267 0.51) (end 0.171267 0.51) (layer B.SilkS) (width 0.12))
    (fp_line (start 0.8 -0.4) (end -0.8 -0.4) (layer B.Fab) (width 0.1))
    (fp_line (start 0.8 0.4) (end 0.8 -0.4) (layer B.Fab) (width 0.1))
    (fp_line (start -0.8 0.4) (end 0.8 0.4) (layer B.Fab) (width 0.1))
    (fp_line (start -0.8 -0.4) (end -0.8 0.4) (layer B.Fab) (width 0.1))
    (pad 2 smd roundrect (at 0.875 0 180) (size 1.05 0.95) (layers B.Cu B.Paste B.Mask) (roundrect_rratio 0.25)
      (net 17 I2C_SDA))
    (pad 1 smd roundrect (at -0.875 0 180) (size 1.05 0.95) (layers B.Cu B.Paste B.Mask) (roundrect_rratio 0.25)
      (net 3 VCC))
    (model ${KISYS3DMOD}/Resistor_SMD.3dshapes/R_0603_1608Metric.wrl
      (at (xyz 0 0 0))
      (scale (xyz 1 1 1))
      (rotate (xyz 0 0 0))
    )
  )

  (module Resistor_SMD:R_0603_1608Metric_Pad1.05x0.95mm_HandSolder (layer F.Cu) (tedit 5B301BBD) (tstamp 5E2BC35D)
    (at 102.503 97.79)
    (descr "Resistor SMD 0603 (1608 Metric), square (rectangular) end terminal, IPC_7351 nominal with elongated pad for handsoldering. (Body size source: http://www.tortai-tech.com/upload/download/2011102023233369053.pdf), generated with kicad-footprint-generator")
    (tags "resistor handsolder")
    (path /5D22AC33)
    (attr smd)
    (fp_text reference R1 (at 0.113 1.524) (layer F.SilkS)
      (effects (font (size 1 1) (thickness 0.15)))
    )
    (fp_text value 27 (at 0 1.43) (layer F.Fab)
      (effects (font (size 1 1) (thickness 0.15)))
    )
    (fp_text user %R (at 0 0) (layer F.Fab)
      (effects (font (size 0.4 0.4) (thickness 0.06)))
    )
    (fp_line (start 1.65 0.73) (end -1.65 0.73) (layer F.CrtYd) (width 0.05))
    (fp_line (start 1.65 -0.73) (end 1.65 0.73) (layer F.CrtYd) (width 0.05))
    (fp_line (start -1.65 -0.73) (end 1.65 -0.73) (layer F.CrtYd) (width 0.05))
    (fp_line (start -1.65 0.73) (end -1.65 -0.73) (layer F.CrtYd) (width 0.05))
    (fp_line (start -0.171267 0.51) (end 0.171267 0.51) (layer F.SilkS) (width 0.12))
    (fp_line (start -0.171267 -0.51) (end 0.171267 -0.51) (layer F.SilkS) (width 0.12))
    (fp_line (start 0.8 0.4) (end -0.8 0.4) (layer F.Fab) (width 0.1))
    (fp_line (start 0.8 -0.4) (end 0.8 0.4) (layer F.Fab) (width 0.1))
    (fp_line (start -0.8 -0.4) (end 0.8 -0.4) (layer F.Fab) (width 0.1))
    (fp_line (start -0.8 0.4) (end -0.8 -0.4) (layer F.Fab) (width 0.1))
    (pad 2 smd roundrect (at 0.875 0) (size 1.05 0.95) (layers F.Cu F.Paste F.Mask) (roundrect_rratio 0.25)
      (net 22 /D-))
    (pad 1 smd roundrect (at -0.875 0) (size 1.05 0.95) (layers F.Cu F.Paste F.Mask) (roundrect_rratio 0.25)
      (net 34 /DM))
    (model ${KISYS3DMOD}/Resistor_SMD.3dshapes/R_0603_1608Metric.wrl
      (at (xyz 0 0 0))
      (scale (xyz 1 1 1))
      (rotate (xyz 0 0 0))
    )
  )

  (module Package_SO:SOIC-20W_7.5x12.8mm_P1.27mm (layer B.Cu) (tedit 5D9F72B1) (tstamp 5E2B9135)
    (at 110.49 78.105)
    (descr "SOIC, 20 Pin (JEDEC MS-013AC, https://www.analog.com/media/en/package-pcb-resources/package/233848rw_20.pdf), generated with kicad-footprint-generator ipc_gullwing_generator.py")
    (tags "SOIC SO")
    (path /5CCE647E)
    (attr smd)
    (fp_text reference U3 (at 0 0.127) (layer B.SilkS)
      (effects (font (size 1 1) (thickness 0.15)) (justify mirror))
    )
    (fp_text value ATtiny3216-S (at 0 -7.35) (layer B.Fab)
      (effects (font (size 1 1) (thickness 0.15)) (justify mirror))
    )
    (fp_text user %R (at 0 0) (layer B.Fab)
      (effects (font (size 1 1) (thickness 0.15)) (justify mirror))
    )
    (fp_line (start 5.93 6.65) (end -5.93 6.65) (layer B.CrtYd) (width 0.05))
    (fp_line (start 5.93 -6.65) (end 5.93 6.65) (layer B.CrtYd) (width 0.05))
    (fp_line (start -5.93 -6.65) (end 5.93 -6.65) (layer B.CrtYd) (width 0.05))
    (fp_line (start -5.93 6.65) (end -5.93 -6.65) (layer B.CrtYd) (width 0.05))
    (fp_line (start -3.75 5.4) (end -2.75 6.4) (layer B.Fab) (width 0.1))
    (fp_line (start -3.75 -6.4) (end -3.75 5.4) (layer B.Fab) (width 0.1))
    (fp_line (start 3.75 -6.4) (end -3.75 -6.4) (layer B.Fab) (width 0.1))
    (fp_line (start 3.75 6.4) (end 3.75 -6.4) (layer B.Fab) (width 0.1))
    (fp_line (start -2.75 6.4) (end 3.75 6.4) (layer B.Fab) (width 0.1))
    (fp_line (start -3.86 6.275) (end -5.675 6.275) (layer B.SilkS) (width 0.12))
    (fp_line (start -3.86 6.51) (end -3.86 6.275) (layer B.SilkS) (width 0.12))
    (fp_line (start 0 6.51) (end -3.86 6.51) (layer B.SilkS) (width 0.12))
    (fp_line (start 3.86 6.51) (end 3.86 6.275) (layer B.SilkS) (width 0.12))
    (fp_line (start 0 6.51) (end 3.86 6.51) (layer B.SilkS) (width 0.12))
    (fp_line (start -3.86 -6.51) (end -3.86 -6.275) (layer B.SilkS) (width 0.12))
    (fp_line (start 0 -6.51) (end -3.86 -6.51) (layer B.SilkS) (width 0.12))
    (fp_line (start 3.86 -6.51) (end 3.86 -6.275) (layer B.SilkS) (width 0.12))
    (fp_line (start 0 -6.51) (end 3.86 -6.51) (layer B.SilkS) (width 0.12))
    (pad 20 smd roundrect (at 4.65 5.715) (size 2.05 0.6) (layers B.Cu B.Paste B.Mask) (roundrect_rratio 0.25)
      (net 2 GND))
    (pad 19 smd roundrect (at 4.65 4.445) (size 2.05 0.6) (layers B.Cu B.Paste B.Mask) (roundrect_rratio 0.25)
      (net 11 HDR_IO_2))
    (pad 18 smd roundrect (at 4.65 3.175) (size 2.05 0.6) (layers B.Cu B.Paste B.Mask) (roundrect_rratio 0.25)
      (net 12 HDR_IO_1))
    (pad 17 smd roundrect (at 4.65 1.905) (size 2.05 0.6) (layers B.Cu B.Paste B.Mask) (roundrect_rratio 0.25)
      (net 19 RTC_INT))
